0	1	1	0	0.000868896	1.00174	0.516578	0.413406	0.451166	0.0653101	0.175618	0.577977	-0.225954	0.456389	
0	2	1	0	0.00167913	1.0032	0.938227	0.300232	0.684944	0.0527829	0.491399	0.318173	-0.0864951	0.536898	
1	0	1	0	0	0	0	1105.66	0	0	771.53	0	0	-1206.7	
1	1	1	0	0.000373839	0.00428587	1.27997	1105.43	0	0	770.25	0.251277	-1.40661	-1206.47	
1	2	1	0	0.000747751	0.00857175	2.55994	1105.22	0.000266587	-0.00149231	768.97	0.40912	-2.13178	-1206.26	
1	3	1	0	0.00112173	0.0128577	3.83992	1105.05	0.00070071	-0.00375437	767.69	0.276275	-1.10383	-1206.09	
1	4	1	0	0.00149576	0.0171436	5.1199	1104.87	0.000993912	-0.00492582	766.41	0.722326	-1.23809	-1205.9	
1	5	1	0	0.00186985	0.0214295	6.39989	1104.69	0.00176061	-0.00623997	765.13	0.66495	-0.92634	-1205.73	
1	6	1	0	0.002244	0.0257155	7.67988	1104.45	0.00246651	-0.00722336	763.85	0.422698	-1.55581	-1205.49	
1	7	1	0	0.00261822	0.0300015	8.95987	1104.2	0.00291534	-0.00887533	762.57	-0.265698	-1.15417	-1205.23	
1	8	1	0	0.00299252	0.0342874	10.2399	1104.02	0.00263316	-0.0101011	761.29	-0.0152204	-1.27878	-1205.05	
1	9	1	0	0.00336688	0.0385735	11.5199	1103.81	0.00261699	-0.0114594	760.01	0.0972518	-1.63888	-1204.84	
1	10	1	0	0.00374131	0.0428595	12.7999	1103.57	0.00272031	-0.0132005	758.73	0.357902	-2.2781	-1204.61	
1	11	1	0	0.00411581	0.0471456	14.0799	1103.38	0.00310061	-0.0156212	757.45	0.658159	-1.68835	-1204.42	
1	12	1	0	0.00449037	0.0514316	15.3599	1103.18	0.00380008	-0.0174155	756.17	0.620574	-2.71007	-1204.21	
1	13	1	0	0.00486499	0.0557177	16.6399	1103	0.00445972	-0.0202962	754.89	0.848595	-3.82133	-1204.03	
1	14	1	0	0.00523967	0.0600038	17.9199	1102.71	0.00536187	-0.0243587	753.61	0.287779	-3.64435	-1203.73	
1	15	1	0	0.00561445	0.06429	19.2	1102.55	0.00566789	-0.028234	752.33	0.151366	-3.95538	-1203.57	
1	16	1	0	0.00598928	0.0685761	20.48	1102.38	0.00582887	-0.0324406	751.05	1.03599	-3.16256	-1203.41	
1	17	1	0	0.00636416	0.0728623	21.76	1102.18	0.00693082	-0.0358046	749.77	1.44353	-3.72509	-1203.2	
1	18	1	0	0.0067391	0.0771485	23.0401	1102	0.00846653	-0.0397675	748.49	1.56584	-3.1063	-1203.03	
1	19	1	0	0.0071141	0.0814347	24.3201	1101.46	0.0101326	-0.0430727	747.21	2.54324	-2.6229	-1202.48	
1	20	1	0	0.00748927	0.0857209	25.6002	1101.27	0.0128399	-0.0458648	745.93	2.60488	-2.22328	-1202.29	
1	21	1	0	0.00786451	0.0900072	26.8802	1101.09	0.0156132	-0.0482318	744.65	2.72462	-2.70763	-1202.11	
1	22	1	0	0.0082398	0.0942935	28.1603	1100.9	0.0185145	-0.051115	743.37	3.30399	-3.71569	-1201.92	
1	23	1	0	0.00861515	0.0985798	29.4403	1100.72	0.0220333	-0.0550723	742.09	3.40588	-2.61673	-1201.73	
1	24	1	0	0.00899056	0.102866	30.7204	1100.27	0.0256611	-0.0578595	740.81	3.85518	-1.9428	-1201.28	
1	25	1	0	0.00936611	0.107152	32.0005	1100.08	0.0297692	-0.0599298	739.53	3.9979	-0.948177	-1201.09	
1	26	1	0	0.00974172	0.111439	33.2806	1099.89	0.03403	-0.0609403	738.25	4.9141	-1.89631	-1200.9	
1	27	1	0	0.0101174	0.115725	34.5606	1099.72	0.039268	-0.0629616	736.969	6.20154	-2.83127	-1200.72	
1	28	1	0	0.0104931	0.120012	35.8407	1099.51	0.0458794	-0.06598	735.689	7.29964	-3.79856	-1200.5	
1	29	1	0	0.0108689	0.124298	37.1208	1099.32	0.0536628	-0.0700303	734.409	6.98097	-2.82142	-1200.31	
1	30	1	0	0.0112448	0.128585	38.4009	1099.14	0.0611076	-0.0730391	733.129	6.85224	-3.35047	-1200.13	
1	31	1	0	0.0116207	0.132871	39.681	1098.72	0.0684162	-0.0766128	731.849	7.40594	-3.53112	-1199.71	
1	32	1	0	0.0119967	0.137158	40.9611	1098.53	0.0763183	-0.0803805	730.569	6.55788	-5.46937	-1199.51	
1	33	1	0	0.0123729	0.141444	42.2412	1098.3	0.0833166	-0.0862172	729.289	6.71037	-5.46932	-1199.29	
1	34	1	0	0.012749	0.145731	43.5213	1098.12	0.0904791	-0.0920549	728.009	6.38331	-4.89683	-1199.11	
1	35	1	0	0.0131253	0.150017	44.8014	1097.93	0.0972935	-0.0972825	726.729	5.37503	-4.209	-1198.92	
1	36	1	0	0.0135016	0.154304	46.0816	1097.77	0.103032	-0.101776	725.449	4.72871	-3.22419	-1198.77	
1	37	1	0	0.0138779	0.15859	47.3617	1097.58	0.108082	-0.105219	724.169	5.35057	-2.75405	-1198.58	
1	38	1	0	0.0142543	0.162877	48.6418	1097.39	0.113797	-0.108161	722.889	5.71986	-3.48847	-1198.38	
1	39	1	0	0.0146308	0.167164	49.922	1097.19	0.119907	-0.111887	721.608	6.86372	-3.89173	-1198.18	
1	40	1	0	0.0150074	0.17145	51.2021	1097.01	0.12724	-0.116045	720.328	7.67147	-4.51134	-1197.99	
1	41	1	0	0.015384	0.175737	52.4822	1096.81	0.135437	-0.120866	719.048	8.25767	-4.03887	-1197.78	
1	42	1	0	0.0157606	0.180024	53.7624	1096.63	0.144262	-0.125182	717.768	8.14304	-3.4432	-1197.6	
1	43	1	0	0.0161373	0.18431	55.0425	1096.39	0.152966	-0.128863	716.488	8.87704	-2.84219	-1197.36	
1	44	1	0	0.0165141	0.188597	56.3227	1096.17	0.162457	-0.131901	715.208	8.13379	-2.68199	-1197.15	
1	45	1	0	0.016891	0.192884	57.6028	1095.89	0.171154	-0.134769	713.928	8.24988	-2.56232	-1196.86	
1	46	1	0	0.017268	0.197171	58.883	1095.73	0.179978	-0.13751	712.648	8.72434	-2.77598	-1196.69	
1	47	1	0	0.017645	0.201457	60.1631	1095.53	0.189311	-0.140479	711.368	8.1991	-3.38297	-1196.5	
1	48	1	0	0.018022	0.205744	61.4433	1095.3	0.198083	-0.144099	710.087	8.04651	-2.95251	-1196.27	
1	49	1	0	0.0183992	0.210031	62.7235	1095.06	0.206693	-0.147258	708.807	10.8009	-4.01152	-1196	
1	50	1	0	0.0187764	0.214318	64.0037	1094.64	0.218254	-0.151552	707.527	10.7268	-1.64868	-1195.59	
1	51	1	0	0.0191538	0.218605	65.2839	1094.37	0.229739	-0.153317	706.247	9.80405	-0.310266	-1195.32	
1	52	1	0	0.0195312	0.222892	66.564	1094.16	0.240239	-0.153649	704.967	9.89101	-1.28196	-1195.11	
1	53	1	0	0.0199087	0.227179	67.8442	1093.88	0.250834	-0.155022	703.687	10.3289	-0.000981032	-1194.83	
1	54	1	0	0.0202864	0.231466	69.1244	1093.69	0.2619	-0.155023	702.407	10.4186	0.553015	-1194.63	
1	55	1	0	0.020664	0.235752	70.4046	1093.48	0.273065	-0.154431	701.126	9.64134	0.550787	-1194.43	
1	56	1	0	0.0210418	0.240039	71.6849	1093.12	0.283398	-0.153841	699.846	9.1991	0.386268	-1194.07	
1	57	1	0	0.021274	0.242674	72.4716	1092.52	0.289459	-0.153586	699.06	7.45412	1.98022	-1193.49	
1	58	1	0	0.021652	0.246961	73.7518	1092.35	0.297454	-0.151462	697.779	7.86084	2.95202	-1193.31	
1	59	1	0	0.0220301	0.251248	75.032	1092.15	0.305888	-0.148295	696.499	7.56438	2.68797	-1193.12	
1	60	1	0	0.0224083	0.255535	76.3123	1091.95	0.314004	-0.145411	695.219	8.15452	2.2415	-1192.91	
1	61	1	0	0.0227865	0.259822	77.5925	1091.75	0.322755	-0.143005	693.939	8.9678	2.36259	-1192.7	
1	62	1	0	0.0231648	0.26411	78.8727	1091.53	0.332381	-0.140469	692.659	9.63901	3.36157	-1192.47	
1	63	1	0	0.0235432	0.268397	80.153	1091.32	0.342729	-0.13686	691.378	10.5629	3.24332	-1192.26	
1	64	1	0	0.0239216	0.272684	81.4332	1090.75	0.354071	-0.133378	690.098	10.6886	3.35838	-1191.68	
1	65	1	0	0.0243002	0.276971	82.7135	1090.59	0.365554	-0.12977	688.818	10.3396	2.6518	-1191.52	
1	66	1	0	0.0246789	0.281258	83.9938	1090.28	0.376663	-0.126921	687.538	10.4703	3.69002	-1191.21	
1	67	1	0	0.0250577	0.285546	85.274	1090.09	0.387916	-0.122955	686.258	9.97718	4.31636	-1191.02	
1	68	1	0	0.0254365	0.289833	86.5543	1089.91	0.39864	-0.118316	684.977	10.0717	4.53252	-1190.84	
1	69	1	0	0.0258154	0.29412	87.8346	1089.68	0.409468	-0.113443	683.697	11.7012	4.35984	-1190.6	
1	70	1	0	0.0261944	0.298408	89.1149	1089.51	0.42205	-0.108755	682.417	12.0749	3.62499	-1190.42	
1	71	1	0	0.0265734	0.302695	90.3952	1089.32	0.435036	-0.104856	681.137	11.9315	4.0575	-1190.23	
1	72	1	0	0.0269525	0.306983	91.6755	1089.06	0.447869	-0.100492	679.856	12.0737	4.69665	-1189.96	
1	73	1	0	0.0273316	0.31127	92.9558	1088.87	0.460859	-0.0954392	678.576	12.4957	4.32666	-1189.77	
1	74	1	0	0.0277109	0.315557	94.2361	1088.64	0.474304	-0.0907836	677.296	12.291	4.32215	-1189.54	
1	75	1	0	0.0280902	0.319845	95.5164	1088.45	0.487532	-0.0861319	676.016	13.3168	4.04985	-1189.34	
1	76	1	0	0.0284695	0.324132	96.7967	1088.23	0.501867	-0.0817726	674.736	10.5908	7.53065	-1189.14	
1	77	1	0	0.028849	0.32842	98.077	1088.06	0.513269	-0.073665	673.455	10.2566	7.3469	-1188.97	
1	78	1	0	0.0292285	0.332707	99.3573	1087.85	0.524313	-0.0657541	672.175	10.3626	7.46404	-1188.76	
1	79	1	0	0.029608	0.336995	100.638	1087.66	0.535473	-0.0577156	670.895	9.96817	7.0395	-1188.57	
1	80	1	0	0.0299877	0.341282	101.918	1087.33	0.54621	-0.050133	669.615	8.84398	7.74751	-1188.25	
1	81	1	0	0.0303674	0.34557	103.198	1087.15	0.555739	-0.0417855	668.334	9.3806	7.9377	-1188.05	
1	82	1	0	0.0307472	0.349858	104.479	1086.95	0.565848	-0.0332317	667.054	8.34763	8.42178	-1187.86	
1	83	1	0	0.0311271	0.354145	105.759	1086.71	0.574845	-0.0241547	665.774	8.18849	9.94785	-1187.61	
1	84	1	0	0.031507	0.358433	107.039	1086.49	0.583672	-0.0134307	664.493	7.90015	10.1578	-1187.39	
1	85	1	0	0.031887	0.36272	108.32	1086.31	0.59219	-0.00247826	663.213	8.29619	11.2221	-1187.19	
1	86	1	0	0.0322671	0.367008	109.6	1086.08	0.601137	0.00962365	661.933	7.93179	10.2322	-1186.98	
1	87	1	0	0.0326472	0.371296	110.88	1085.9	0.609692	0.0206601	660.653	7.53593	10.559	-1186.8	
1	88	1	0	0.0330274	0.375584	112.161	1085.65	0.617822	0.0320509	659.372	8.46019	11.9396	-1186.52	
1	89	1	0	0.0334077	0.379871	113.441	1085.46	0.626951	0.0449339	658.092	8.55252	10.6811	-1186.34	
1	90	1	0	0.033788	0.384159	114.721	1085.27	0.63618	0.0564608	656.812	8.73056	10.7944	-1186.15	
1	91	1	0	0.0341685	0.388447	116.002	1084.87	0.645604	0.0681119	655.532	7.44762	10.5107	-1185.76	
1	92	1	0	0.034549	0.392735	117.282	1084.69	0.653645	0.0794607	654.251	6.51279	9.65214	-1185.59	
1	93	1	0	0.0349296	0.397022	118.563	1084.52	0.660678	0.0898841	652.971	6.58167	9.7047	-1185.42	
1	94	1	0	0.0353102	0.40131	119.843	1084.34	0.667787	0.100366	651.691	6.8911	10.9843	-1185.23	
1	95	1	0	0.035691	0.405598	121.123	1084.15	0.675231	0.112231	650.41	6.73675	10.8113	-1185.04	
1	96	1	0	0.0360717	0.409886	122.404	1083.86	0.682509	0.123912	649.13	6.56593	10.4142	-1184.76	
1	97	1	0	0.0364526	0.414174	123.684	1083.66	0.689605	0.135166	647.85	6.08187	10.3478	-1184.55	
1	98	1	0	0.0368335	0.418462	124.965	1083.43	0.696179	0.146351	646.569	6.56396	9.78818	-1184.32	
1	99	1	0	0.0372146	0.42275	126.245	1083.22	0.703275	0.156933	645.289	5.55203	9.71713	-1184.12	
1	100	1	0	0.0375956	0.427038	127.525	1083.01	0.709278	0.167439	644.009	6.27379	9.51479	-1183.91	
1	101	1	0	0.0379768	0.431326	128.806	1082.84	0.716063	0.177729	642.728	6.5871	11.2635	-1183.72	
1	102	1	0	0.038358	0.435614	130.086	1082.66	0.723188	0.189912	641.448	6.01508	11.883	-1183.54	
1	103	1	0	0.0387393	0.439902	131.367	1082.47	0.729695	0.202767	640.167	5.62963	12.4288	-1183.34	
1	104	1	0	0.0391206	0.44419	132.647	1082.28	0.735786	0.216215	638.887	5.0923	12.4185	-1183.15	
1	105	1	0	0.039502	0.448478	133.928	1082.08	0.741297	0.229654	637.607	5.53379	12.0657	-1182.95	
1	106	1	0	0.0398835	0.452766	135.208	1081.86	0.747286	0.242713	636.326	5.87962	11.6617	-1182.74	
1	107	1	0	0.040265	0.457054	136.488	1081.59	0.753651	0.255337	635.046	6.2493	10.7617	-1182.47	
1	108	1	0	0.0406466	0.461342	137.769	1081.36	0.760418	0.26699	633.766	6.32262	11.385	-1182.24	
1	109	1	0	0.0410283	0.465631	139.049	1081.12	0.767265	0.27932	632.485	6.1246	11.7283	-1181.99	
1	110	1	0	0.0414101	0.469919	140.33	1080.86	0.7739	0.292024	631.205	6.05744	12.5483	-1181.72	
1	111	1	0	0.0417919	0.474207	141.61	1080.67	0.780463	0.30562	629.925	7.40243	12.594	-1181.53	
1	112	1	0	0.0421739	0.478495	142.891	1080.4	0.788485	0.319268	628.644	7.07337	12.7214	-1181.26	
1	113	1	0	0.0425559	0.482783	144.171	1080.21	0.796151	0.333057	627.364	7.34601	13.1829	-1181.06	
1	114	1	0	0.0429379	0.487072	145.452	1079.97	0.804115	0.347348	626.083	7.97438	12.682	-1180.82	
1	115	1	0	0.0433201	0.49136	146.732	1079.65	0.812762	0.3611	624.803	4.62429	14.7807	-1180.49	
1	116	1	0	0.0437024	0.495648	148.013	1079.48	0.817777	0.377131	623.523	4.53898	15.1356	-1180.32	
1	117	1	0	0.0440847	0.499937	149.293	1079.32	0.822701	0.39355	622.242	4.99952	14.2749	-1180.16	
1	118	1	0	0.044467	0.504225	150.574	1079.15	0.828125	0.409037	620.962	3.45686	14.434	-1180	
1	119	1	0	0.0448495	0.508513	151.854	1078.97	0.831876	0.424699	619.682	2.20888	15.1137	-1179.81	
1	120	1	0	0.045232	0.512802	153.135	1078.77	0.834274	0.441101	618.401	1.92388	14.7022	-1179.61	
1	121	1	0	0.0456145	0.51709	154.415	1078.55	0.836362	0.45706	617.121	2.37665	15.5499	-1179.38	
1	122	1	0	0.0459971	0.521379	155.696	1078.38	0.838942	0.473941	615.84	2.39825	15.0088	-1179.22	
1	123	1	0	0.0463798	0.525667	156.976	1078.21	0.841546	0.490238	614.56	1.79174	14.1927	-1179.06	
1	124	1	0	0.0467626	0.529956	158.257	1078	0.843492	0.505651	613.279	2.08978	13.8336	-1178.85	
1	125	1	0	0.0471454	0.534244	159.537	1077.78	0.845762	0.520677	611.999	2.49719	14.254	-1178.63	
1	126	1	0	0.0475283	0.538533	160.818	1077.59	0.848475	0.536162	610.719	3.93542	14.6378	-1178.43	
1	127	1	0	0.0479112	0.542821	162.098	1077.39	0.852751	0.552067	609.438	4.90709	14.8418	-1178.21	
1	128	1	0	0.0482942	0.54711	163.379	1077.14	0.858083	0.568196	608.158	5.18601	14.9035	-1177.96	
1	129	1	0	0.0486773	0.551398	164.659	1076.97	0.863721	0.584396	606.877	5.78441	13.8103	-1177.8	
1	130	1	0	0.0490605	0.555687	165.94	1076.7	0.870009	0.59941	605.597	7.52279	15.0174	-1177.51	
1	131	1	0	0.0494437	0.559975	167.22	1076.43	0.878189	0.61574	604.316	6.57406	13.6041	-1177.26	
1	132	1	0	0.049827	0.564264	168.501	1076.22	0.88534	0.630536	603.036	6.30143	13.6321	-1177.05	
1	133	1	0	0.0502104	0.568553	169.782	1075.75	0.892195	0.645366	601.756	2.51609	12.0104	-1176.61	
1	134	1	0	0.050594	0.572841	171.062	1075.45	0.894933	0.658437	600.475	2.09526	11.8449	-1176.32	
1	135	1	0	0.0509776	0.57713	172.343	1075.2	0.897214	0.671331	599.195	2.6488	12.5279	-1176.05	
1	136	1	0	0.0513614	0.581419	173.623	1075.03	0.900098	0.684971	597.914	3.0773	12.7844	-1175.88	
1	137	1	0	0.0517452	0.585708	174.904	1074.87	0.903449	0.698893	596.634	2.6634	13.0998	-1175.71	
1	138	1	0	0.052129	0.589997	176.184	1074.67	0.90635	0.713161	595.353	2.41546	12.6379	-1175.52	
1	139	1	0	0.052513	0.594285	177.465	1074.47	0.908981	0.726927	594.073	1.88628	11.7063	-1175.33	
1	140	1	0	0.0528969	0.598574	178.746	1074.25	0.911036	0.739682	592.792	1.83055	12.4777	-1175.1	
1	141	1	0	0.053281	0.602863	180.026	1073.97	0.913031	0.753279	591.511	1.2591	12.4889	-1174.82	
1	142	1	0	0.0536652	0.607152	181.307	1073.79	0.914403	0.766891	590.231	1.3444	12.9566	-1174.63	
1	143	1	0	0.0540494	0.611441	182.587	1073.58	0.915869	0.781016	588.95	1.81018	13.7508	-1174.42	
1	144	1	0	0.0544337	0.61573	183.868	1073.41	0.917842	0.796009	587.67	1.27664	13.7021	-1174.24	
1	145	1	0	0.054818	0.620019	185.149	1073.14	0.919235	0.810952	586.389	1.57952	13.7061	-1173.97	
1	146	1	0	0.0552024	0.624308	186.429	1072.95	0.920958	0.825902	585.109	2.39692	14.0709	-1173.78	
1	147	1	0	0.0555869	0.628597	187.71	1072.76	0.923573	0.841253	583.828	2.22394	13.9074	-1173.59	
1	148	1	0	0.0559715	0.632886	188.991	1072.56	0.925999	0.856427	582.548	2.01844	15.4919	-1173.36	
1	149	1	0	0.0563561	0.637175	190.271	1072.36	0.928202	0.873334	581.267	0.942229	16.6951	-1173.15	
1	150	1	0	0.0567408	0.641464	191.552	1072.16	0.92923	0.891557	579.987	2.23073	17.1008	-1172.94	
1	151	1	0	0.0571256	0.645753	192.833	1071.97	0.931666	0.910226	578.706	2.35534	16.6208	-1172.75	
1	152	1	0	0.0575104	0.650042	194.113	1071.76	0.934237	0.928374	577.426	2.14828	16.8057	-1172.55	
1	153	1	0	0.0578953	0.654331	195.394	1071.58	0.936584	0.946727	576.145	-1.85627	16.9652	-1172.36	
1	154	1	0	0.0582802	0.65862	196.674	1071.31	0.934556	0.965258	574.865	-3.71314	17.0143	-1172.09	
1	155	1	0	0.0586653	0.662909	197.955	1071.08	0.930499	0.983846	573.584	-3.89833	17.0844	-1171.85	
1	156	1	0	0.0590504	0.667199	199.236	1070.84	0.926239	1.00251	572.304	-4.68151	17.4206	-1171.61	
1	157	1	0	0.0594356	0.671488	200.516	1070.61	0.921123	1.02155	571.023	-6.82834	16.6625	-1171.37	
1	158	1	0	0.0598209	0.675777	201.797	1070.36	0.913658	1.03977	569.743	-7.96746	16.1362	-1171.12	
1	159	1	0	0.0602062	0.680066	203.078	1069.88	0.904946	1.05741	568.462	-8.41272	16.7639	-1170.63	
1	160	1	0	0.0605918	0.684356	204.359	1069.62	0.895744	1.07575	567.181	-9.32857	17.0706	-1170.36	
1	161	1	0	0.0609774	0.688645	205.639	1069.45	0.885537	1.09443	565.901	-11.7282	18.3951	-1170.15	
1	162	1	0	0.0613631	0.692934	206.92	1069.26	0.872703	1.11456	564.62	-11.2653	18.6934	-1169.96	
1	163	1	0	0.0617488	0.697224	208.201	1069.09	0.860374	1.13502	563.34	-10.8434	18.4575	-1169.79	
1	164	1	0	0.0621346	0.701513	209.481	1068.84	0.848504	1.15522	562.059	-10.2874	17.6632	-1169.56	
1	165	1	0	0.0625205	0.705803	210.762	1068.42	0.837241	1.17456	560.779	-10.4699	18.5235	-1169.12	
1	166	1	0	0.0629065	0.710092	212.043	1068.21	0.825773	1.19485	559.498	-11.0109	19.4789	-1168.89	
1	167	1	0	0.0632926	0.714381	213.324	1068.02	0.813711	1.21619	558.218	-12.4421	19.4788	-1168.69	
1	168	1	0	0.0636787	0.718671	214.604	1067.83	0.800079	1.23753	556.937	-13.0137	19.3262	-1168.49	
1	169	1	0	0.0640649	0.72296	215.885	1067.66	0.785818	1.25871	555.657	-16.1222	20.4195	-1168.26	
1	170	1	0	0.0643846	0.726511	216.945	1067.09	0.771193	1.27723	554.597	-16.0088	20.5624	-1167.69	
1	171	1	0	0.0647711	0.7308	218.226	1066.91	0.753639	1.29978	553.317	-15.9367	20.327	-1167.51	
1	172	1	0	0.0651576	0.73509	219.507	1066.72	0.73616	1.32207	552.036	-15.5175	20.4062	-1167.33	
1	173	1	0	0.0655097	0.738997	220.673	1065.74	0.720657	1.34246	550.87	-15.4776	19.7739	-1166.35	
1	174	1	0	0.0658967	0.743287	221.954	1065.53	0.703665	1.36417	549.59	-15.4323	20.7218	-1166.13	
1	175	1	0	0.0662837	0.747576	223.235	1065.33	0.68672	1.38692	548.309	-16.1906	20.5736	-1165.92	
1	176	1	0	0.0666707	0.751866	224.515	1065.14	0.668939	1.40952	547.029	-14.6622	19.6407	-1165.76	
1	177	1	0	0.0670579	0.756156	225.796	1064.96	0.652833	1.43109	545.748	-14.6306	20.1104	-1165.57	
1	178	1	0	0.0674451	0.760446	227.077	1064.68	0.63676	1.45318	544.468	-14.8682	20.4142	-1165.28	
1	179	1	0	0.0678323	0.764736	228.358	1064.47	0.620422	1.47562	543.187	-14.0143	20.9397	-1165.08	
1	180	1	0	0.0682197	0.769025	229.639	1064.31	0.605019	1.49863	541.907	-13.6183	20.4275	-1164.93	
1	181	1	0	0.0686071	0.773315	230.919	1064.1	0.590049	1.52109	540.626	-13.9029	20.4621	-1164.72	
1	182	1	0	0.0689946	0.777605	232.2	1063.82	0.574764	1.54358	539.346	-13.7977	20.0793	-1164.44	
1	183	1	0	0.0693822	0.781895	233.481	1063.61	0.55959	1.56566	538.065	-14.8239	20.6334	-1164.21	
1	184	1	0	0.0697698	0.786185	234.762	1063.41	0.543285	1.58836	536.785	-13.4215	22.7183	-1163.99	
1	185	1	0	0.0701575	0.790475	236.043	1063.18	0.52852	1.61335	535.504	-13.4272	22.1827	-1163.77	
1	186	1	0	0.0705453	0.794765	237.324	1062.99	0.513746	1.63776	534.224	-13.5556	22.4348	-1163.57	
1	187	1	0	0.0709332	0.799055	238.604	1062.77	0.498828	1.66245	532.943	-13.1159	22.7419	-1163.35	
1	188	1	0	0.0713211	0.803345	239.885	1062.58	0.484391	1.68748	531.663	-13.3156	23.2525	-1163.14	
1	189	1	0	0.0717091	0.807635	241.166	1062.41	0.469732	1.71308	530.382	-12.9897	22.0947	-1163	
1	190	1	0	0.0720972	0.811925	242.447	1062.22	0.455429	1.73741	529.101	-13.2062	21.6717	-1162.82	
1	191	1	0	0.0724853	0.816215	243.728	1062.07	0.440886	1.76127	527.821	-12.4832	21.5666	-1162.67	
1	192	1	0	0.0728735	0.820505	245.009	1061.84	0.427137	1.78503	526.54	-11.9251	20.2321	-1162.47	
1	193	1	0	0.0732618	0.824795	246.29	1061.64	0.414	1.80732	525.26	-13.0932	19.3437	-1162.27	
1	194	1	0	0.0736501	0.829085	247.57	1061.34	0.399574	1.82863	523.979	-12.7886	19.5012	-1161.97	
1	195	1	0	0.0740385	0.833376	248.851	1061.16	0.385479	1.85012	522.699	-13.4162	19.4487	-1161.78	
1	196	1	0	0.074427	0.837666	250.132	1060.96	0.370691	1.87156	521.418	-14.4526	19.3685	-1161.57	
1	197	1	0	0.0748156	0.841956	251.413	1060.79	0.354757	1.89291	520.137	-15.2516	19.8093	-1161.38	
1	198	1	0	0.0752042	0.846246	252.694	1060.61	0.33794	1.91476	518.857	-14.6427	20.1672	-1161.21	
1	199	1	0	0.0755928	0.850537	253.975	1060.43	0.321792	1.937	517.576	-13.9468	20.4473	-1161.03	
1	200	1	0	0.0759816	0.854827	255.256	1060.07	0.306409	1.95955	516.296	-13.8998	20.7167	-1160.66	
1	201	1	0	0.0763704	0.859117	256.537	1059.88	0.291072	1.98241	515.015	-13.3074	21.5205	-1160.47	
1	202	1	0	0.0767594	0.863407	257.818	1059.68	0.276387	2.00616	513.734	-13.7953	21.8474	-1160.25	
1	203	1	0	0.0771484	0.867698	259.098	1059.46	0.261161	2.03027	512.454	-13.0031	21.5066	-1160.04	
1	204	1	0	0.0775374	0.871988	260.379	1059.23	0.246807	2.05401	511.173	-13.8152	21.5567	-1159.81	
1	205	1	0	0.0779266	0.876279	261.66	1059.05	0.231552	2.07781	509.892	-13.3937	21.9592	-1159.62	
1	206	1	0	0.0783158	0.880569	262.941	1058.86	0.216761	2.10206	508.612	-13.464	22.3536	-1159.42	
1	207	1	0	0.0787051	0.884859	264.222	1058.65	0.20189	2.12675	507.331	-13.5427	22.6616	-1159.2	
1	208	1	0	0.0790944	0.88915	265.503	1058.44	0.186929	2.15179	506.051	-13.1446	22.8718	-1159	
1	209	1	0	0.0794838	0.89344	266.784	1058.26	0.172405	2.17706	504.77	-12.5162	22.9704	-1158.82	
1	210	1	0	0.0798733	0.897731	268.065	1057.98	0.158573	2.20244	503.489	-13.3203	22.6804	-1158.53	
1	211	1	0	0.0802629	0.902021	269.346	1057.76	0.143849	2.22752	502.209	-13.8336	22.4444	-1158.31	
1	212	1	0	0.0806526	0.906312	270.627	1057.53	0.128555	2.25233	500.928	-14.2437	22.8958	-1158.07	
1	213	1	0	0.080935	0.909422	271.555	1057.4	0.117139	2.27068	500	-13.9592	22.6913	-1157.94	
1	214	1	0	0.081102	0.911259	272.104	1055.47	0.110442	2.28145	499.452	-15.5199	21.8313	-1156.01	
1	215	1	0	0.0814417	0.914993	273.219	1054.58	0.0956035	2.30293	498.337	-16.2809	21.9019	-1155.1	
1	216	1	0	0.0818325	0.919284	274.5	1054.37	0.0770637	2.32689	497.056	-16.5102	21.7648	-1154.89	
1	217	1	0	0.0822233	0.923575	275.781	1054.16	0.059504	2.35151	495.776	-15.4959	22.1243	-1154.68	
1	218	1	0	0.0826142	0.927866	277.062	1053.94	0.0421624	2.37606	494.495	-15.6702	22.342	-1154.45	
1	219	1	0	0.0830052	0.932157	278.343	1053.62	0.0249805	2.40073	493.214	-15.6347	22.375	-1154.14	
1	220	1	0	0.0833963	0.936448	279.624	1053.43	0.00708801	2.42521	491.934	-17.0299	22.2251	-1153.93	
1	221	1	0	0.0837874	0.940739	280.905	1053.2	-0.012356	2.45063	490.653	-17.5319	23.319	-1153.66	
1	222	1	0	0.0841786	0.94503	282.186	1052.99	-0.0316117	2.47672	489.372	-16.9429	23.7565	-1153.45	
1	223	1	0	0.0845699	0.949321	283.467	1052.41	-0.0507178	2.50339	488.092	-16.8699	24.3284	-1152.86	
1	224	1	0	0.0849615	0.953612	284.748	1052.21	-0.0695658	2.53093	486.811	-16.8575	25.011	-1152.64	
1	225	1	0	0.085353	0.957903	286.029	1051.98	-0.0883106	2.55836	485.531	-17.1162	24.2374	-1152.42	
1	226	1	0	0.0857447	0.962194	287.31	1051.57	-0.108111	2.58562	484.25	-18.2931	24.5911	-1151.98	
1	227	1	0	0.0861365	0.966485	288.591	1051.38	-0.128518	2.61242	482.969	-18.492	23.6754	-1151.82	
1	228	1	0	0.0865283	0.970776	289.872	1051.14	-0.149824	2.63911	481.689	-20.0854	24.0273	-1151.53	
1	229	1	0	0.0869203	0.975068	291.153	1050.95	-0.172465	2.66642	480.408	-20.1923	24.9244	-1151.32	
1	230	1	0	0.0873123	0.979359	292.435	1050.78	-0.194682	2.69409	479.127	-19.5901	24.8841	-1151.17	
1	231	1	0	0.0877044	0.98365	293.716	1050.58	-0.216	2.72179	477.847	-18.8258	24.9464	-1150.98	
1	232	1	0	0.0880965	0.987941	294.997	1050.29	-0.237029	2.7495	476.566	-18.6717	25.0796	-1150.68	
1	233	1	0	0.0884888	0.992233	296.278	1050.09	-0.257647	2.77734	475.285	-18.2591	24.6336	-1150.5	
1	234	1	0	0.0888811	0.996524	297.559	1049.89	-0.277578	2.80495	474.005	-17.8046	25.3188	-1150.29	
1	235	1	0	0.0892735	1.00082	298.84	1049.7	-0.296278	2.83313	472.724	-16.4281	25.3587	-1150.12	
1	236	1	0	0.0896659	1.00511	300.121	1049.42	-0.314682	2.86124	471.443	-16.1942	25.4549	-1149.84	
1	237	1	0	0.0900585	1.0094	301.402	1049.21	-0.333734	2.88983	470.163	-17.1141	25.8473	-1149.61	
1	238	1	0	0.0904511	1.01369	302.684	1049.03	-0.352755	2.91869	468.882	-16.9881	25.6461	-1149.43	
1	239	1	0	0.0908438	1.01798	303.965	1048.81	-0.371923	2.94739	467.601	-16.9759	25.6445	-1149.22	
1	240	1	0	0.0912365	1.02227	305.246	1048.64	-0.391022	2.97604	466.321	-17.5913	25.316	-1149.03	
1	241	1	0	0.0916294	1.02656	306.527	1048.46	-0.410247	3.00398	465.04	-17.0958	25.1505	-1148.87	
1	242	1	0	0.0920222	1.03086	307.808	1048.28	-0.42934	3.03187	463.759	-16.9064	25.2033	-1148.69	
1	243	1	0	0.0924152	1.03515	309.089	1048.1	-0.447995	3.05908	462.479	-16.4872	24.1512	-1148.54	
1	244	1	0	0.0928082	1.03944	310.371	1047.91	-0.46671	3.0865	461.198	-16.9441	25.1761	-1148.32	
1	245	1	0	0.0932013	1.04373	311.652	1047.6	-0.485435	3.11484	459.917	-16.2985	25.945	-1148	
1	246	1	0	0.0935945	1.04802	312.933	1047.38	-0.503765	3.14349	458.636	-16.2383	25.2938	-1147.8	
1	247	1	0	0.0939877	1.05231	314.214	1047.22	-0.522401	3.17141	457.356	-17.0503	24.7363	-1147.63	
1	248	1	0	0.094381	1.05661	315.495	1046.9	-0.542067	3.19975	456.075	-18.2156	26.0564	-1147.26	
1	249	1	0	0.0947105	1.0602	316.568	1046.25	-0.558954	3.22379	455.002	-17.584	26.3285	-1146.62	
1	250	1	0	0.0951042	1.06449	317.849	1045.85	-0.578301	3.25297	453.722	-17.6614	25.8839	-1146.23	
1	251	1	0	0.095498	1.06878	319.131	1045.61	-0.597745	3.28239	452.441	-17.8705	26.5509	-1145.96	
1	252	1	0	0.0958919	1.07307	320.412	1045.38	-0.617353	3.31189	451.16	-17.1212	26.6534	-1145.74	
1	253	1	0	0.0962858	1.07737	321.693	1045.19	-0.636802	3.34076	449.879	-17.975	25.507	-1145.56	
1	254	1	0	0.0966799	1.08166	322.974	1045.01	-0.657113	3.36947	448.599	-18.2619	25.3758	-1145.38	
1	255	1	0	0.097074	1.08595	324.256	1044.82	-0.677203	3.39837	447.318	-17.538	26.2	-1145.18	
1	256	1	0	0.0974681	1.09024	325.537	1044.63	-0.696804	3.42783	446.037	-17.6786	26.2646	-1144.99	
1	257	1	0	0.0978624	1.09453	326.818	1044.42	-0.717021	3.45722	444.756	-18.2473	26.3304	-1144.77	
1	258	1	0	0.0982567	1.09883	328.099	1044.13	-0.737353	3.48669	443.476	-18.1026	26.5286	-1144.47	
1	259	1	0	0.0986511	1.10312	329.381	1043.97	-0.757678	3.51662	442.195	-17.8929	26.6126	-1144.32	
1	260	1	0	0.0990455	1.10741	330.662	1043.7	-0.777552	3.54672	440.914	-17.7302	26.932	-1144.04	
1	261	1	0	0.0994401	1.1117	331.943	1043.5	-0.797858	3.5776	439.633	-18.4963	27.8319	-1143.8	
1	262	1	0	0.0998347	1.11599	333.224	1043.24	-0.818181	3.60851	438.353	-17.8062	27.3894	-1143.56	
1	263	1	0	0.100229	1.12029	334.506	1042.99	-0.837887	3.63912	437.072	-17.1407	26.9523	-1143.33	
1	264	1	0	0.100624	1.12458	335.787	1042.82	-0.85774	3.66963	435.791	-18.1532	27.2933	-1143.13	
1	265	1	0	0.101019	1.12887	337.068	1042.64	-0.878098	3.69991	434.51	-18.0165	27.2626	-1142.96	
1	266	1	0	0.101414	1.13316	338.35	1042.46	-0.898294	3.72973	433.23	-18.4023	26.9456	-1142.78	
1	267	1	0	0.10178	1.13714	339.536	1040.94	-0.917552	3.7579	432.044	-17.7395	27.4351	-1141.25	
1	268	1	0	0.102175	1.14143	340.817	1040.74	-0.937939	3.7892	430.763	-18.4221	27.8244	-1141.03	
1	269	1	0	0.102571	1.14572	342.099	1040.55	-0.958411	3.82065	429.482	-18.0881	28.161	-1140.84	
1	270	1	0	0.102967	1.15001	343.38	1040.35	-0.978663	3.8521	428.201	-18.6506	27.8066	-1140.64	
1	271	1	0	0.103362	1.15431	344.661	1040.1	-0.999428	3.88367	426.92	-18.3265	28.1304	-1140.38	
1	272	1	0	0.103758	1.1586	345.943	1039.91	-1.02028	3.91551	425.64	-18.6613	28.5706	-1140.17	
1	273	1	0	0.104154	1.16289	347.224	1039.68	-1.04157	3.94737	424.359	-19.1712	28.3065	-1139.94	
1	274	1	0	0.10455	1.16718	348.505	1039.35	-1.06359	3.9793	423.078	-19.7971	28.2708	-1139.6	
1	275	1	0	0.104733	1.16917	349.097	1038.88	-1.07389	3.99399	422.487	-20.3346	28.1313	-1139.12	
1	276	1	0	0.105129	1.17346	350.378	1038.69	-1.09635	4.02603	421.206	-19.935	28.1205	-1138.94	
1	277	1	0	0.105499	1.17746	351.573	1038.01	-1.11687	4.0551	420.012	-19.6351	27.8572	-1138.27	
1	278	1	0	0.105895	1.18175	352.855	1037.81	-1.13851	4.08603	418.731	-19.0184	27.4629	-1138.09	
1	279	1	0	0.106292	1.18605	354.136	1037.61	-1.15971	4.11712	417.45	-18.4717	27.7019	-1137.89	
1	280	1	0	0.106689	1.19034	355.417	1037.43	-1.18097	4.14766	416.169	-19.1726	26.6985	-1137.72	
1	281	1	0	0.107086	1.19463	356.699	1037.22	-1.20247	4.17711	414.888	-19.8086	25.8992	-1137.51	
1	282	1	0	0.107482	1.19892	357.98	1036.74	-1.22401	4.20631	413.607	-18.6403	26.4977	-1137.04	
1	283	1	0	0.107879	1.20322	359.262	1036.52	-1.24425	4.23816	412.326	-18.0486	28.5049	-1136.78	
1	284	1	0	0.108277	1.20751	360.543	1036.02	-1.26463	4.26997	411.046	-18.0754	28.5147	-1136.28	
1	285	1	0	0.108674	1.2118	361.824	1035.83	-1.28489	4.30209	409.765	-17.9041	28.1547	-1136.1	
1	286	1	0	0.109071	1.2161	363.106	1035.49	-1.30478	4.33416	408.484	-17.6689	29.0041	-1135.74	
1	287	1	0	0.109469	1.22039	364.387	1035.3	-1.32498	4.36663	407.203	-17.826	28.5405	-1135.55	
1	288	1	0	0.109866	1.22468	365.669	1035.06	-1.34527	4.39863	405.922	-17.6133	27.9115	-1135.33	
1	289	1	0	0.110264	1.22897	366.95	1034.79	-1.36562	4.43006	404.641	-18.2634	28.2217	-1135.04	
1	290	1	0	0.110662	1.23327	368.232	1034.61	-1.38541	4.46165	403.36	-16.8753	27.815	-1134.9	
1	291	1	0	0.111059	1.23756	369.513	1034.38	-1.4044	4.49293	402.079	-16.945	27.7705	-1134.66	
1	292	1	0	0.111457	1.24185	370.795	1034.19	-1.42362	4.52497	400.798	-17.1169	28.5964	-1134.45	
1	293	1	0	0.111855	1.24615	372.076	1034.01	-1.44259	4.55779	399.517	-16.2625	28.9633	-1134.27	
1	294	1	0	0.112253	1.25044	373.358	1033.83	-1.46134	4.59001	398.236	-17.1144	29.1478	-1134.08	
1	295	1	0	0.112651	1.25473	374.639	1033.58	-1.48104	4.62298	396.956	-17.8078	29.5158	-1133.8	
1	296	1	0	0.113049	1.25903	375.921	1033.31	-1.50102	4.65659	395.675	-17.3315	30.0282	-1133.53	
1	297	1	0	0.113448	1.26332	377.202	1033.1	-1.5214	4.69023	394.394	-18.574	28.7642	-1133.33	
1	298	1	0	0.113846	1.26761	378.484	1032.9	-1.54291	4.72275	393.113	-19.3474	28.8507	-1133.11	
1	299	1	0	0.114244	1.27191	379.765	1032.71	-1.56389	4.75548	391.832	-17.9193	28.8628	-1132.94	
1	300	1	0	0.114643	1.2762	381.047	1032.21	-1.58446	4.78871	390.551	-18.3551	29.2795	-1132.43	
1	301	1	0	0.115042	1.28049	382.328	1032	-1.60524	4.82146	389.27	-17.8377	28.8408	-1132.24	
1	302	1	0	0.11544	1.28479	383.61	1031.8	-1.62612	4.85376	387.989	-18.9326	28.0748	-1132.04	
1	303	1	0	0.115839	1.28908	384.891	1031.58	-1.64731	4.8858	386.708	-18.6458	28.3013	-1131.81	
1	304	1	0	0.116238	1.29337	386.173	1031.37	-1.66849	4.9178	385.427	-18.2121	28.5256	-1131.6	
1	305	1	0	0.116482	1.296	386.958	1030.51	-1.68086	4.9375	384.643	-17.2008	29.0559	-1130.74	
1	306	1	0	0.116882	1.30029	388.239	1030.32	-1.70035	4.97033	383.362	-17.9823	28.824	-1130.54	
1	307	1	0	0.117281	1.30459	389.521	1030.11	-1.72039	5.00297	382.081	-17.3381	28.8514	-1130.34	
1	308	1	0	0.11768	1.30888	390.802	1029.92	-1.74051	5.03659	380.8	-18.6172	31.8346	-1130.05	
1	309	1	0	0.11808	1.31317	392.084	1029.74	-1.76127	5.07217	379.519	-18.21	31.3387	-1129.89	
1	310	1	0	0.118479	1.31747	393.366	1029.56	-1.78172	5.10757	378.238	-17.8734	30.7977	-1129.73	
1	311	1	0	0.11853	1.31801	393.528	1027.74	-1.78429	5.11196	378.076	-17.2404	31.8164	-1127.88	
1	312	1	0	0.11893	1.32231	394.809	1027.55	-1.80343	5.14832	376.795	-17.0041	32.3379	-1127.68	
1	313	1	0	0.119331	1.3266	396.091	1027.33	-1.82236	5.18537	375.514	-16.2442	32.8591	-1127.45	
1	314	1	0	0.119731	1.33089	397.373	1027.15	-1.84147	5.22283	374.233	-16.8032	33.0759	-1127.26	
1	315	1	0	0.120131	1.33519	398.654	1026.99	-1.86043	5.26084	372.952	-16.8831	33.1953	-1127.09	
1	316	1	0	0.120532	1.33948	399.936	1026.63	-1.87965	5.29831	371.671	-16.9391	33.0634	-1126.74	
1	317	1	0	0.120933	1.34377	401.218	1026.41	-1.89919	5.336	370.39	-17.4058	32.9742	-1126.51	
1	318	1	0	0.121333	1.34807	402.499	1026.2	-1.91842	5.37318	369.109	-16.1851	32.8656	-1126.32	
1	319	1	0	0.121734	1.35236	403.781	1026	-1.93708	5.41045	367.828	-16.8921	32.8371	-1126.11	
1	320	1	0	0.122135	1.35666	405.063	1025.71	-1.95602	5.44734	366.547	-16.6355	31.7362	-1125.85	
1	321	1	0	0.122536	1.36095	406.344	1025.51	-1.9752	5.48367	365.266	-16.8931	32.1672	-1125.63	
1	322	1	0	0.122937	1.36524	407.626	1025.31	-1.99411	5.52059	363.985	-16.5613	32.6941	-1125.43	
1	323	1	0	0.123338	1.36954	408.908	1025.1	-2.01293	5.55815	362.704	-16.4369	33.1326	-1125.21	
1	324	1	0	0.12374	1.37383	410.189	1024.91	-2.03226	5.59541	361.423	-17.732	32.337	-1125.02	
1	325	1	0	0.124141	1.37813	411.471	1024.73	-2.05269	5.6321	360.142	-18.191	31.5352	-1124.85	
1	326	1	0	0.124542	1.38242	412.753	1024.54	-2.07369	5.66804	358.861	-18.1719	31.8144	-1124.65	
1	327	1	0	0.124944	1.38672	414.034	1024.34	-2.09394	5.70421	357.58	-18.0017	31.9811	-1124.45	
1	328	1	0	0.125345	1.39101	415.316	1024.17	-2.11466	5.74023	356.299	-18.2429	31.0771	-1124.3	
1	329	1	0	0.125747	1.3953	416.598	1023.82	-2.13556	5.77591	355.018	-18.3609	31.3132	-1123.94	
1	330	1	0	0.126149	1.3996	417.88	1023.59	-2.15622	5.812	353.737	-17.1003	31.7676	-1123.72	
1	331	1	0	0.12618	1.39993	417.979	1023.16	-2.15773	5.81481	353.638	-16.6581	31.4359	-1123.3	
1	332	1	0	0.126582	1.40422	419.261	1022.92	-2.17645	5.85084	352.356	-15.8269	32.0154	-1123.06	
1	333	1	0	0.126984	1.40852	420.542	1022.69	-2.19418	5.88726	351.075	-15.4194	31.2048	-1122.85	
1	334	1	0	0.127386	1.41281	421.824	1022.49	-2.21135	5.92309	349.794	-14.5693	31.4372	-1122.66	
1	335	1	0	0.127788	1.41711	423.106	1022.32	-2.22773	5.95967	348.513	-14.1609	32.8779	-1122.45	
1	336	1	0	0.12819	1.4214	424.388	1022.1	-2.24387	5.99686	347.232	-14.2663	32.5567	-1122.24	
1	337	1	0	0.128593	1.4257	425.67	1021.93	-2.26009	6.03423	345.951	-14.191	32.5003	-1122.07	
1	338	1	0	0.128995	1.42999	426.951	1021.72	-2.276	6.07162	344.67	-14.0743	33.0703	-1121.84	
1	339	1	0	0.129398	1.43429	428.233	1021.52	-2.29209	6.10943	343.389	-14.5376	32.8681	-1121.64	
1	340	1	0	0.1298	1.43858	429.515	1021.34	-2.30857	6.14703	342.107	-14.017	33.2842	-1121.45	
1	341	1	0	0.130203	1.44287	430.797	1021.14	-2.324	6.18591	340.826	-13.3413	34.062	-1121.23	
1	342	1	0	0.130605	1.44717	432.078	1020.97	-2.33991	6.22516	339.545	-14.6795	34.4123	-1121.04	
1	343	1	0	0.131008	1.45146	433.36	1020.81	-2.35647	6.26486	338.264	-15.0235	34.6008	-1120.87	
1	344	1	0	0.131411	1.45576	434.642	1020.38	-2.3736	6.30481	336.983	-14.9232	35.1176	-1120.42	
1	345	1	0	0.131814	1.46005	435.924	1020.2	-2.3907	6.34588	335.702	-15.1375	36.2003	-1120.2	
1	346	1	0	0.132217	1.46435	437.206	1020.02	-2.40837	6.38654	334.421	-15.9859	35.535	-1120.03	
1	347	1	0	0.13262	1.46864	438.487	1019.64	-2.4269	6.42725	333.14	-16.4836	35.3238	-1119.65	
1	348	1	0	0.133023	1.47294	439.769	1019.41	-2.4462	6.46779	331.859	-16.7384	35.3066	-1119.42	
1	349	1	0	0.133427	1.47723	441.051	1019.12	-2.46559	6.5074	330.578	-17.1892	34.0995	-1119.15	
1	350	1	0	0.13383	1.48153	442.333	1018.95	-2.48545	6.54722	329.297	-17.9142	35.5535	-1118.93	
1	351	1	0	0.134234	1.48582	443.615	1018.78	-2.50516	6.58806	328.016	-16.8571	35.7427	-1118.77	
1	352	1	0	0.134637	1.49012	444.897	1018.57	-2.52441	6.62905	326.735	-16.6188	35.5396	-1118.56	
1	353	1	0	0.135041	1.49441	446.179	1018.38	-2.54368	6.66942	325.454	-16.804	35.6525	-1118.37	
1	354	1	0	0.135445	1.49871	447.46	1018.2	-2.56223	6.71037	324.172	-15.3979	35.312	-1118.22	
1	355	1	0	0.135848	1.503	448.742	1017.97	-2.57966	6.7514	322.891	-15.2862	36.2648	-1117.96	
1	356	1	0	0.136252	1.5073	450.024	1017.74	-2.59682	6.79274	321.61	-14.5017	36.5214	-1117.73	
1	357	1	0	0.136656	1.51159	451.306	1017.55	-2.61406	6.83527	320.329	-15.5224	37.152	-1117.5	
1	358	1	0	0.136891	1.51409	452.051	1012.96	-2.62453	6.8597	319.584	-17.6458	35.5913	-1112.91	
1	359	1	0	0.137297	1.51838	453.333	1012.72	-2.64493	6.90102	318.303	-17.306	35.6658	-1112.67	
1	360	1	0	0.137703	1.52268	454.615	1012.55	-2.66564	6.94229	317.022	-18.2232	36.2273	-1112.47	
1	361	1	0	0.138108	1.52697	455.897	1012.36	-2.68651	6.98385	315.741	-18.2731	35.9706	-1112.29	
1	362	1	0	0.138514	1.53127	457.179	1012.15	-2.70736	7.02549	314.46	-17.8931	36.2465	-1112.07	
1	363	1	0	0.13892	1.53557	458.461	1011.93	-2.72774	7.06768	313.179	-17.6216	36.5339	-1111.84	
1	364	1	0	0.139327	1.53986	459.743	1011.74	-2.74812	7.11002	311.897	-17.3685	36.7133	-1111.65	
1	365	1	0	0.139733	1.54416	461.025	1011.55	-2.76774	7.15184	310.616	-16.6772	36.2611	-1111.49	
1	366	1	0	0.140139	1.54845	462.307	1011.35	-2.78701	7.19345	309.335	-16.9447	36.5303	-1111.27	
1	367	1	0	0.140545	1.55275	463.589	1011.15	-2.80757	7.23524	308.054	-18.7091	36.089	-1111.06	
1	368	1	0	0.140952	1.55704	464.872	1010.98	-2.82997	7.27712	306.773	-19.5023	36.5067	-1110.86	
1	369	1	0	0.141358	1.56134	466.154	1010.65	-2.85272	7.31905	305.492	-19.6156	36.9127	-1110.51	
1	370	1	0	0.141765	1.56563	467.436	1010.45	-2.87511	7.36136	304.21	-19.5452	36.2745	-1110.33	
1	371	1	0	0.142171	1.56993	468.718	1010.26	-2.89796	7.40305	302.929	-20.1079	35.8325	-1110.15	
1	372	1	0	0.142578	1.57423	470	1010.01	-2.92122	7.44409	301.648	-20.5013	35.4338	-1109.9	
1	373	1	0	0.142985	1.57852	471.282	1009.82	-2.94484	7.48606	300.367	-20.3021	37.6961	-1109.64	
1	374	1	0	0.143392	1.58282	472.564	1009.62	-2.96746	7.52958	299.086	-19.4644	36.8566	-1109.48	
1	375	1	0	0.143799	1.58711	473.846	1009.45	-2.99039	7.57262	297.805	-19.8986	37.6327	-1109.27	
1	376	1	0	0.144206	1.59141	475.128	1009.24	-3.01337	7.61562	296.523	-19.6256	37.0457	-1109.09	
1	377	1	0	0.144613	1.59571	476.41	1009.07	-3.03698	7.65838	295.242	-20.8508	37.0374	-1108.9	
1	378	1	0	0.14502	1.6	477.692	1008.82	-3.06114	7.70159	293.961	-21.3604	37.5348	-1108.62	
1	379	1	0	0.145051	1.60033	477.79	1008.17	-3.06301	7.70488	293.864	-21.6623	36.7014	-1107.99	
1	380	1	0	0.145063	1.60046	477.828	1007.66	-3.06375	7.70614	293.826	-21.6884	37.3494	-1107.45	
1	381	1	0	0.145471	1.60475	479.11	1007.49	-3.08945	7.75024	292.545	-22.8326	38.8207	-1107.2	
1	382	1	0	0.145879	1.60905	480.392	1007.3	-3.1157	7.79478	291.264	-22.8738	38.4726	-1107.03	
1	383	1	0	0.146287	1.61334	481.674	1007.1	-3.14225	7.8394	289.983	-22.6599	38.4993	-1106.83	
1	384	1	0	0.146459	1.61516	482.215	1001.79	-3.15316	7.85812	289.442	-20.3037	39.3586	-1101.51	
1	385	1	0	0.146869	1.61945	483.497	1001.56	-3.17675	7.90376	288.161	-20.2298	39.0327	-1101.29	
1	386	1	0	0.147279	1.62375	484.78	1001.29	-3.20045	7.94974	286.879	-20.3305	39.7512	-1100.99	
1	387	1	0	0.147689	1.62805	486.062	1001.07	-3.22431	7.99657	285.598	-20.6764	40.2234	-1100.75	
1	388	1	0	0.148099	1.63234	487.344	1000.87	-3.24776	8.04327	284.317	-19.8161	39.7902	-1100.57	
1	389	1	0	0.148509	1.63664	488.626	1000.6	-3.27092	8.08925	283.036	-19.7553	39.4652	-1100.32	
1	390	1	0	0.14892	1.64094	489.909	1000.41	-3.29454	8.13501	281.754	-20.1926	39.0721	-1100.14	
1	391	1	0	0.14933	1.64524	491.191	1000.2	-3.31824	8.17975	280.473	-20.7216	38.0429	-1099.94	
1	392	1	0	0.149741	1.64953	492.473	1000.03	-3.34207	8.22454	279.192	-20.2172	38.9511	-1099.75	
1	393	1	0	0.150151	1.65383	493.756	999.815	-3.36511	8.26976	277.911	-19.7281	38.7261	-1099.55	
1	394	1	0	0.150562	1.65813	495.038	999.62	-3.3884	8.31551	276.629	-20.3057	39.9261	-1099.3	
1	395	1	0	0.150973	1.66242	496.32	999.426	-3.41251	8.36244	275.348	-20.704	40.4298	-1099.08	
1	396	1	0	0.151384	1.66672	497.603	999.231	-3.43661	8.40903	274.067	-20.8381	39.2196	-1098.93	
1	397	1	0	0.151795	1.67102	498.885	998.999	-3.46146	8.45508	272.785	-21.4634	39.6195	-1098.67	
1	398	1	0	0.152206	1.67531	500.167	998.819	-3.48614	8.50025	271.504	-21.2272	38.1858	-1098.54	
1	399	1	0	0.152617	1.67961	501.45	998.637	-3.51127	8.54513	270.223	-21.7671	38.2598	-1098.35	
1	400	1	0	0.153028	1.68391	502.732	998.386	-3.53656	8.59029	268.942	-22.081	38.9072	-1098.07	
1	401	1	0	0.153439	1.68821	504.014	998.155	-3.56242	8.6357	267.66	-22.4858	38.4056	-1097.84	
1	402	1	0	0.153851	1.6925	505.297	997.96	-3.58805	8.68064	266.379	-21.7845	38.7398	-1097.65	
1	403	1	0	0.154262	1.6968	506.579	997.703	-3.61416	8.72555	265.098	-22.4234	37.9617	-1097.41	
1	404	1	0	0.154674	1.7011	507.862	997.281	-3.64051	8.76937	263.816	-22.4069	37.1627	-1097.01	
1	405	1	0	0.155085	1.7054	509.144	997.012	-3.66668	8.8126	262.535	-22.8271	37.0515	-1096.73	
1	406	1	0	0.155497	1.70969	510.426	996.827	-3.69296	8.8564	261.253	-22.2225	38.0938	-1096.52	
1	407	1	0	0.155909	1.71399	511.709	996.574	-3.71916	8.90156	259.972	-22.3481	39.4965	-1096.22	
1	408	1	0	0.156321	1.71829	512.991	996.283	-3.74501	8.94743	258.691	-21.5822	39.0189	-1095.96	
1	409	1	0	0.156733	1.72259	514.274	995.827	-3.77015	8.99283	257.409	-21.7254	38.5101	-1095.51	
1	410	1	0	0.157145	1.72688	515.556	995.632	-3.79589	9.03796	256.128	-21.9735	38.8056	-1095.3	
1	411	1	0	0.157557	1.73118	516.838	995.391	-3.82218	9.08254	254.847	-22.3939	37.9548	-1095.08	
1	412	1	0	0.15797	1.73548	518.121	995.158	-3.84869	9.12725	253.565	-22.5419	38.7704	-1094.82	
1	413	1	0	0.158382	1.73978	519.403	994.909	-3.87544	9.17326	252.284	-23.1828	39.8311	-1094.51	
1	414	1	0	0.158795	1.74407	520.686	994.722	-3.90216	9.21972	251.003	-22.4612	39.3064	-1094.36	
1	415	1	0	0.159208	1.74837	521.968	994.432	-3.92853	9.26655	249.721	-22.7043	40.4661	-1094.02	
1	416	1	0	0.15962	1.75267	523.251	994.084	-3.95452	9.31341	248.44	-21.9133	39.8099	-1093.71	
1	417	1	0	0.160033	1.75697	524.533	993.906	-3.98073	9.36014	247.159	-22.1601	40.196	-1093.51	
1	418	1	0	0.160446	1.76126	525.816	993.731	-4.00667	9.40671	245.877	-22.2574	39.4204	-1093.36	
1	419	1	0	0.160859	1.76556	527.098	993.539	-4.03346	9.45247	244.596	-23.0239	38.9962	-1093.17	
1	420	1	0	0.161272	1.76986	528.381	993.36	-4.06032	9.49868	243.314	-22.6503	39.1895	-1092.99	
1	421	1	0	0.161686	1.77416	529.663	993.142	-4.08665	9.54488	242.033	-22.4461	39.695	-1092.76	
1	422	1	0	0.162099	1.77846	530.946	992.881	-4.11253	9.59138	240.752	-22.023	39.7009	-1092.5	
1	423	1	0	0.162512	1.78275	532.228	992.712	-4.13746	9.63771	239.47	-21.1036	39.0933	-1092.37	
1	424	1	0	0.162926	1.78705	533.511	992.538	-4.16273	9.68412	238.189	-21.5679	39.735	-1092.17	
1	425	1	0	0.163339	1.79135	534.793	992.317	-4.18891	9.73011	236.907	-23.1179	39.3342	-1091.93	
1	426	1	0	0.163753	1.79565	536.076	992.148	-4.21592	9.77575	235.626	-22.7055	38.7347	-1091.79	
1	427	1	0	0.164166	1.79995	537.358	991.956	-4.24252	9.82105	234.345	-23.2141	38.3429	-1091.6	
1	428	1	0	0.16458	1.80424	538.641	991.679	-4.27002	9.86634	233.063	-23.2461	38.3015	-1091.32	
1	429	1	0	0.164994	1.80854	539.923	991.503	-4.29754	9.91172	231.782	-23.3511	38.9057	-1091.12	
1	430	1	0	0.165408	1.81284	541.206	991.259	-4.32509	9.95774	230.5	-23.569	39.3755	-1090.85	
1	431	1	0	0.165822	1.81714	542.488	991.074	-4.35232	10.0049	229.219	-23.8046	40.2266	-1090.63	
1	432	1	0	0.166236	1.82144	543.771	990.876	-4.38048	10.0525	227.938	-24.1618	40.4272	-1090.42	
1	433	1	0	0.16665	1.82573	545.053	990.7	-4.40334	10.0962	226.656	-16.7801	35.4403	-1090.55	
1	434	1	0	0.167064	1.83003	546.336	990.519	-4.42303	10.1377	225.374	-16.4911	34.9904	-1090.39	
1	435	1	0	0.167479	1.83433	547.619	990.326	-4.44186	10.1788	224.092	-15.5046	34.7662	-1090.22	
1	436	1	0	0.167893	1.83863	548.901	990.14	-4.4604	10.2197	222.811	-16.2417	35.07	-1090.01	
1	437	1	0	0.168307	1.84293	550.184	989.821	-4.47865	10.2608	221.529	-15.0743	34.5783	-1089.72	
1	438	1	0	0.168722	1.84723	551.466	989.606	-4.49707	10.3017	220.247	-16.0445	34.6415	-1089.49	
1	439	1	0	0.169137	1.85152	552.749	989.412	-4.51571	10.3425	218.965	-15.3914	34.7656	-1089.3	
1	440	1	0	0.169551	1.85582	554.031	989.123	-4.53449	10.3831	217.683	-16.2633	34.3008	-1089.01	
1	441	1	0	0.169966	1.86012	555.314	988.935	-4.5536	10.4236	216.402	-16.1436	34.1692	-1088.83	
1	442	1	0	0.170381	1.86442	556.597	988.726	-4.57254	10.4638	215.12	-15.8555	33.9558	-1088.63	
1	443	1	0	0.170796	1.86872	557.879	988.507	-4.59135	10.5039	213.838	-16.0571	34.1409	-1088.4	
1	444	1	0	0.171211	1.87302	559.162	988.253	-4.61083	10.544	212.556	-17.1016	33.7466	-1088.14	
1	445	1	0	0.171626	1.87731	560.445	987.992	-4.63053	10.5838	211.274	-16.7163	33.3472	-1087.9	
1	446	1	0	0.172042	1.88161	561.727	987.788	-4.6506	10.6228	209.992	-17.3912	33.1984	-1087.68	
1	447	1	0	0.172457	1.88591	563.01	987.501	-4.67116	10.6625	208.71	-17.3137	34.0288	-1087.37	
1	448	1	0	0.172873	1.89021	564.292	987.32	-4.69147	10.7023	207.429	-17.3467	33.6281	-1087.2	
1	449	1	0	0.173288	1.89451	565.575	987.065	-4.71152	10.7418	206.147	-16.7269	33.861	-1086.95	
1	450	1	0	0.173704	1.89881	566.858	986.854	-4.73142	10.7816	204.865	-16.8756	33.8052	-1086.73	
1	451	1	0	0.174119	1.90311	568.14	986.6	-4.75113	10.8218	203.583	-16.5635	34.242	-1086.47	
1	452	1	0	0.174535	1.9074	569.423	986.426	-4.77132	10.8619	202.301	-17.7095	33.7762	-1086.29	
1	453	1	0	0.174951	1.9117	570.706	986.227	-4.79266	10.9019	201.019	-17.9043	34.5541	-1086.06	
1	454	1	0	0.175367	1.916	571.988	985.978	-4.81351	10.9437	199.737	-17.5215	35.7163	-1085.78	
1	455	1	0	0.175783	1.9203	573.271	985.819	-4.83397	10.9853	198.456	-16.9684	35.1705	-1085.65	
1	456	1	0	0.176199	1.9246	574.554	985.575	-4.85392	11.027	197.174	-17.2242	34.9754	-1085.41	
1	457	1	0	0.176616	1.9289	575.837	985.373	-4.87441	11.0684	195.892	-18.0531	34.9753	-1085.19	
1	458	1	0	0.176832	1.93113	576.504	984.573	-4.88539	11.09	195.225	-17.5588	34.3648	-1084.41	
1	459	1	0	0.177249	1.93543	577.787	984.376	-4.90585	11.1306	193.943	-17.0128	34.0416	-1084.23	
1	460	1	0	0.177666	1.93973	579.07	984.204	-4.92589	11.1711	192.661	-16.5089	34.6823	-1084.05	
1	461	1	0	0.178082	1.94403	580.352	984.005	-4.94478	11.2123	191.379	-15.441	34.9061	-1083.86	
1	462	1	0	0.178499	1.94833	581.635	983.672	-4.9627	11.2545	190.097	-15.0986	36.1944	-1083.48	
1	463	1	0	0.178916	1.95263	582.918	983.408	-4.98066	11.2973	188.815	-15.7948	36.1811	-1083.21	
1	464	1	0	0.179333	1.95693	584.2	983.232	-5.00002	11.3403	187.533	-16.6814	36.4048	-1083.01	
1	465	1	0	0.17975	1.96123	585.483	983.032	-5.01996	11.3841	186.251	-17.1549	37.3539	-1082.77	
1	466	1	0	0.180168	1.96553	586.766	982.778	-5.04064	11.428	184.97	-17.8687	36.5272	-1082.53	
1	467	1	0	0.180585	1.96983	588.049	982.551	-5.06224	11.4712	183.688	-18.965	36.0592	-1082.3	
1	468	1	0	0.181002	1.97413	589.332	982.334	-5.08545	11.5142	182.406	-19.5342	36.6565	-1082.05	
1	469	1	0	0.18142	1.97842	590.614	982.12	-5.10831	11.5578	181.124	-20.1101	37.1226	-1081.81	
1	470	1	0	0.181838	1.98272	591.897	981.947	-5.13305	11.6023	179.842	-21.5244	37.6553	-1081.59	
1	471	1	0	0.182255	1.98702	593.18	981.78	-5.1584	11.6471	178.56	-20.9266	37.9097	-1081.43	
1	472	1	0	0.182673	1.99132	594.463	981.597	-5.184	11.6926	177.279	-22.0877	39.2587	-1081.17	
1	473	1	0	0.183091	1.99562	595.746	981.433	-5.21028	11.7392	175.997	-22.1001	39.4689	-1081	
1	474	1	0	0.183509	1.99992	597.028	981.257	-5.23644	11.7859	174.715	-22.1669	39.4631	-1080.82	
1	475	1	0	0.183927	2.00422	598.311	980.978	-5.26314	11.8326	173.434	-22.694	39.4246	-1080.53	
1	476	1	0	0.184345	2.00852	599.594	980.802	-5.29024	11.8798	172.152	-23.127	39.1487	-1080.35	
1	477	1	0	0.184763	2.01282	600.877	980.529	-5.31712	11.9264	170.87	-22.2734	38.96	-1080.1	
1	478	1	0	0.185181	2.01712	602.16	980.318	-5.34337	11.9729	169.589	-22.039	38.9615	-1079.9	
1	479	1	0	0.185599	2.02142	603.442	980.105	-5.36969	12.0187	168.307	-22.5556	38.2593	-1079.7	
1	480	1	0	0.186018	2.02572	604.725	979.875	-5.39607	12.0645	167.025	-22.4696	38.5775	-1079.46	
1	481	1	0	0.186436	2.03002	606.008	979.691	-5.42175	12.1095	165.743	-21.8295	37.6218	-1079.32	
1	482	1	0	0.186855	2.03432	607.291	979.465	-5.44725	12.1543	164.461	-21.5011	37.8482	-1079.09	
1	483	1	0	0.187273	2.03862	608.574	979.258	-5.47131	12.1982	163.18	-19.3292	36.1773	-1078.98	
1	484	1	0	0.187692	2.04292	609.857	979.072	-5.49392	12.2415	161.898	-18.9273	36.8157	-1078.78	
1	485	1	0	0.188111	2.04722	611.14	978.883	-5.51606	12.2855	160.616	-18.4442	37.0997	-1078.59	
1	486	1	0	0.18853	2.05152	612.422	978.645	-5.53799	12.3294	159.334	-18.5025	36.7583	-1078.36	
1	487	1	0	0.188949	2.05582	613.705	978.468	-5.55939	12.3727	158.052	-18.107	36.4059	-1078.2	
1	488	1	0	0.189368	2.06012	614.988	978.011	-5.58119	12.4156	156.77	-18.2648	35.509	-1077.77	
1	489	1	0	0.189787	2.06441	616.271	977.789	-5.60337	12.4567	155.488	-18.9095	33.9859	-1077.58	
1	490	1	0	0.190206	2.06871	617.554	977.417	-5.62594	12.4971	154.206	-19.2467	33.7192	-1077.21	
1	491	1	0	0.190626	2.07301	618.837	977.211	-5.64871	12.5366	152.924	-19.0841	32.932	-1077.03	
1	492	1	0	0.191045	2.07731	620.12	976.996	-5.67234	12.5751	151.641	-20.5434	32.1151	-1076.81	
1	493	1	0	0.191393	2.08088	621.184	976.342	-5.6924	12.6066	150.578	-20.784	31.8773	-1076.16	
1	494	1	0	0.191813	2.08518	622.467	976.156	-5.7167	12.6453	149.296	-20.3661	32.613	-1075.96	
1	495	1	0	0.192233	2.08948	623.75	975.985	-5.74117	12.684	148.014	-21.1507	32.4962	-1075.77	
1	496	1	0	0.192653	2.09378	625.033	975.752	-5.76685	12.7232	146.732	-21.6869	33.1204	-1075.51	
1	497	1	0	0.193073	2.09808	626.316	975.548	-5.79292	12.7635	145.45	-21.683	34.8179	-1075.25	
1	498	1	0	0.193494	2.10238	627.599	975.321	-5.81869	12.8048	144.168	-21.8223	34.7117	-1075.02	
1	499	1	0	0.193914	2.10668	628.882	975.035	-5.84467	12.8461	142.886	-21.4746	35.0562	-1074.73	
1	500	1	0	0.194334	2.11098	630.165	974.836	-5.87137	12.8883	141.604	-23.0229	35.2932	-1074.49	
1	501	1	0	0.194755	2.11528	631.448	974.629	-5.8991	12.9306	140.322	-23.2252	34.9667	-1074.29	
1	502	1	0	0.195175	2.11958	632.731	974.367	-5.92693	12.9725	139.04	-23.4796	35.114	-1074.01	
1	503	1	0	0.195596	2.12388	634.014	974.19	-5.95476	13.0149	137.758	-23.0321	35.728	-1073.83	
1	504	1	0	0.196017	2.12818	635.297	974.01	-5.98196	13.058	136.476	-22.8416	36.4876	-1073.62	
1	505	1	0	0.196438	2.13248	636.58	973.813	-6.00908	13.1019	135.194	-22.8249	36.8553	-1073.41	
1	506	1	0	0.196859	2.13678	637.863	973.493	-6.03582	13.1446	133.912	-22.4568	35.1458	-1073.16	
1	507	1	0	0.19728	2.14108	639.146	973.298	-6.06307	13.1866	132.63	-22.9939	34.8706	-1072.96	
1	508	1	0	0.197701	2.14538	640.429	973.079	-6.09043	13.2284	131.348	-23.1146	34.9419	-1072.73	
1	509	1	0	0.198122	2.14968	641.712	972.905	-6.11737	13.2705	130.066	-22.5328	35.5808	-1072.55	
1	510	1	0	0.198543	2.15398	642.995	972.7	-6.14456	13.3128	128.783	-23.3461	35.1293	-1072.34	
1	511	1	0	0.198965	2.15828	644.278	972.187	-6.17286	13.3549	127.501	-23.6543	34.8904	-1071.83	
1	512	1	0	0.199386	2.16259	645.561	971.977	-6.20085	13.3962	126.219	-23.7031	34.2413	-1071.63	
1	513	1	0	0.199808	2.16689	646.844	971.784	-6.23027	13.4366	124.937	-25.175	33.4464	-1071.43	
1	514	1	0	0.20023	2.17119	648.127	971.579	-6.26129	13.4762	123.655	-26.4215	32.5144	-1071.22	
1	515	1	0	0.200652	2.17549	649.41	971.386	-6.2923	13.5145	122.373	-25.4346	31.5917	-1071.08	
1	516	1	0	0.201073	2.17979	650.693	971.169	-6.3231	13.5517	121.091	-26.5188	31.191	-1070.85	
1	517	1	0	0.201495	2.18409	651.976	970.896	-6.35456	13.5889	119.809	-25.8061	30.9284	-1070.6	
1	518	1	0	0.201917	2.18839	653.259	970.689	-6.38521	13.6262	118.527	-25.3769	31.2148	-1070.39	
1	519	1	0	0.20234	2.19269	654.542	970.338	-6.41621	13.6631	117.244	-26.1673	30.8907	-1070.03	
1	520	1	0	0.202762	2.19699	655.825	970.141	-6.44731	13.6998	115.962	-25.5494	30.7589	-1069.85	
1	521	1	0	0.203184	2.20129	657.109	969.876	-6.47772	13.7368	114.68	-25.2585	30.9115	-1069.59	
1	522	1	0	0.203607	2.20559	658.392	969.696	-6.50763	13.774	113.398	-24.9035	31.0288	-1069.41	
1	523	1	0	0.204029	2.20989	659.675	969.488	-6.53744	13.8109	112.115	-24.8691	30.3642	-1069.22	
1	524	1	0	0.204452	2.21419	660.958	969.058	-6.56739	13.8477	110.833	-25.2812	31.3435	-1068.75	
1	525	1	0	0.204875	2.2185	662.241	968.876	-6.59771	13.8851	109.551	-25.5774	30.579	-1068.58	
1	526	1	0	0.205298	2.2228	663.524	968.689	-6.62712	13.922	108.269	-23.7192	30.9452	-1068.43	
1	527	1	0	0.205721	2.2271	664.807	968.505	-6.65645	13.9594	106.986	-24.7666	31.0291	-1068.22	
1	528	1	0	0.206144	2.2314	666.091	968.085	-6.68614	13.9957	105.704	-24.6531	29.8124	-1067.83	
1	529	1	0	0.206567	2.2357	667.374	967.728	-6.7163	14.0313	104.422	-25.2472	30.0311	-1067.45	
1	530	1	0	0.206991	2.24	668.657	967.515	-6.7466	14.0676	103.139	-24.6651	29.9693	-1067.25	
1	531	1	0	0.207414	2.2443	669.94	967.24	-6.77611	14.1032	101.857	-24.4495	29.2164	-1067	
1	532	1	0	0.207838	2.2486	671.223	967.07	-6.80599	14.1385	100.575	-25.7696	29.1102	-1066.8	
1	533	1	0	0.208261	2.2529	672.507	966.873	-6.83682	14.1736	99.2923	-25.3522	29.5215	-1066.61	
1	534	1	0	0.208685	2.25721	673.79	966.688	-6.86765	14.2085	98.01	-25.8631	28.253	-1066.44	
1	535	1	0	0.209109	2.26151	675.073	966.437	-6.89816	14.2426	96.7276	-24.9447	29.1051	-1066.19	
1	536	1	0	0.209533	2.26581	676.356	966.159	-6.9288	14.2774	95.4452	-25.7369	28.6157	-1065.9	
1	537	1	0	0.209957	2.27011	677.639	965.993	-6.9597	14.3117	94.1628	-25.9648	28.8296	-1065.72	
1	538	1	0	0.210381	2.27441	678.923	965.723	-6.99119	14.3457	92.8804	-25.9627	28.5924	-1065.46	
1	539	1	0	0.210805	2.27871	680.206	965.46	-7.02251	14.3807	91.598	-26.4592	29.1238	-1065.17	
1	540	1	0	0.211181	2.28252	681.343	964.759	-7.0511	14.4125	90.4617	-27.5054	28.8594	-1064.44	
1	541	1	0	0.211606	2.28683	682.626	964.424	-7.08373	14.4472	89.1793	-26.6849	28.1966	-1064.15	
1	542	1	0	0.21203	2.29113	683.91	964.216	-7.11553	14.4817	87.8969	-26.28	28.6728	-1063.93	
1	543	1	0	0.212455	2.29543	685.193	963.722	-7.147	14.5159	86.6144	-26.1355	28.1731	-1063.45	
1	544	1	0	0.21288	2.29973	686.476	963.538	-7.1784	14.5494	85.332	-26.364	27.2608	-1063.29	
1	545	1	0	0.213305	2.30403	687.759	963.253	-7.21062	14.5818	84.0495	-26.7776	27.1138	-1062.99	
1	546	1	0	0.21373	2.30833	689.043	963.03	-7.24349	14.6143	82.767	-27.7863	26.8246	-1062.75	
1	547	1	0	0.214156	2.31264	690.326	962.826	-7.27736	14.6467	81.4845	-27.8462	26.8414	-1062.54	
1	548	1	0	0.214581	2.31694	691.609	962.554	-7.31104	14.6788	80.2021	-27.8396	26.4046	-1062.28	
1	549	1	0	0.215007	2.32124	692.893	962.346	-7.34423	14.711	78.9196	-26.7976	26.8565	-1062.09	
1	550	1	0	0.215432	2.32554	694.176	962.146	-7.37697	14.744	77.6371	-27.309	27.7224	-1061.85	
1	551	1	0	0.215858	2.32984	695.459	961.942	-7.40978	14.7774	76.3546	-27.1573	26.7775	-1061.67	
1	552	1	0	0.216284	2.33414	696.743	961.756	-7.44216	14.8096	75.0721	-26.9806	26.5147	-1061.5	
1	553	1	0	0.216709	2.33845	698.026	961.57	-7.47426	14.8418	73.7895	-25.9821	26.5589	-1061.34	
1	554	1	0	0.217135	2.34275	699.309	961.399	-7.50569	14.8743	72.5069	-26.1086	27.0234	-1061.15	
1	555	1	0	0.217561	2.34705	700.593	961.15	-7.53765	14.9066	71.2244	-26.6022	26.6628	-1060.89	
1	556	1	0	0.217987	2.35135	701.876	960.924	-7.56953	14.939	69.9418	-26.1267	26.2757	-1060.69	
1	557	1	0	0.218414	2.35565	703.16	960.733	-7.60088	14.9709	68.6592	-25.7315	25.8468	-1060.52	
1	558	1	0	0.21884	2.35996	704.443	960.511	-7.6311	15.0025	67.3766	-24.4173	26.5891	-1060.31	
1	559	1	0	0.219266	2.36426	705.726	960.295	-7.66085	15.035	66.094	-24.5031	26.9379	-1060.08	
1	560	1	0	0.219693	2.36856	707.01	960.106	-7.69088	15.0679	64.8113	-24.9962	26.8455	-1059.88	
1	561	1	0	0.220119	2.37286	708.293	959.914	-7.72128	15.1008	63.5287	-25.3774	27.1136	-1059.67	
1	562	1	0	0.220546	2.37717	709.577	959.743	-7.75181	15.1334	62.2461	-25.1639	26.8233	-1059.51	
1	563	1	0	0.220972	2.38147	710.86	959.573	-7.78274	15.1665	60.9635	-25.8758	27.5863	-1059.3	
1	564	1	0	0.221399	2.38577	712.143	959.305	-7.81432	15.2003	59.6809	-26.0045	27.8556	-1059.02	
1	565	1	0	0.221826	2.39007	713.427	959.113	-7.84539	15.2333	58.3983	-26.0782	26.7159	-1058.86	
1	566	1	0	0.222253	2.39437	714.71	958.893	-7.87698	15.2658	57.1157	-26.1062	26.6049	-1058.64	
1	567	1	0	0.22268	2.39868	715.994	958.616	-7.909	15.2978	55.833	-26.3637	26.2209	-1058.36	
1	568	1	0	0.22272	2.39908	716.114	954.271	-7.91199	15.3008	55.7132	-25.2152	24.1814	-1054.07	
1	569	1	0	0.223149	2.40338	717.397	954.061	-7.94336	15.3306	54.4304	-26.3772	24.6458	-1053.82	
1	570	1	0	0.223578	2.40768	718.681	953.88	-7.97498	15.361	53.1476	-24.617	26.2779	-1053.64	
1	571	1	0	0.224007	2.41199	719.964	953.618	-8.00492	15.3932	51.8648	-24.5094	26.2066	-1053.38	
1	572	1	0	0.224436	2.41629	721.248	953.415	-8.03422	15.425	50.5819	-23.6458	25.8123	-1053.21	
1	573	1	0	0.224865	2.42059	722.531	953.218	-8.06236	15.4565	49.299	-22.6424	25.6574	-1053.04	
1	574	1	0	0.225295	2.4249	723.815	953.03	-8.09002	15.4881	48.0161	-22.5113	26.2653	-1052.83	
1	575	1	0	0.225724	2.4292	725.099	952.87	-8.11788	15.5198	46.7332	-23.5224	26.1164	-1052.66	
1	576	1	0	0.226154	2.4335	726.382	952.669	-8.14655	15.5512	45.4503	-23.7374	25.9888	-1052.45	
1	577	1	0	0.226583	2.43781	727.666	952.39	-8.17583	15.583	44.1674	-24.2837	26.0226	-1052.16	
1	578	1	0	0.227013	2.44211	728.949	952.164	-8.2056	15.615	42.8845	-24.8584	26.589	-1051.9	
1	579	1	0	0.227443	2.44641	730.233	952.004	-8.23494	15.6476	41.6016	-23.6097	25.9815	-1051.79	
1	580	1	0	0.227873	2.45072	731.517	951.773	-8.26432	15.6789	40.3187	-24.4428	25.4095	-1051.55	
1	581	1	0	0.228303	2.45502	732.8	951.584	-8.29419	15.7097	39.0358	-24.6446	24.4357	-1051.38	
1	582	1	0	0.228733	2.45932	734.084	951.293	-8.32396	15.7394	37.7528	-24.1783	24.701	-1051.09	
1	583	1	0	0.229163	2.46363	735.368	951.111	-8.35426	15.7702	36.4699	-25.1307	25.5372	-1050.86	
1	584	1	0	0.229593	2.46793	736.651	950.912	-8.38497	15.8011	35.187	-25.4063	25.0801	-1050.67	
1	585	1	0	0.230024	2.47223	737.935	950.546	-8.41581	15.8321	33.9041	-24.8235	25.6289	-1050.3	
1	586	1	0	0.230454	2.47654	739.219	950.321	-8.44595	15.8629	32.6211	-24.4202	25.4641	-1050.09	
1	587	1	0	0.230885	2.48084	740.502	949.98	-8.47592	15.8943	31.3382	-24.0537	25.5749	-1049.75	
1	588	1	0	0.231315	2.48514	741.786	949.797	-8.50533	15.9256	30.0552	-25.1213	23.5201	-1049.59	
1	589	1	0	0.231746	2.48945	743.07	949.552	-8.53586	15.9546	28.7722	-25.2776	23.7318	-1049.33	
1	590	1	0	0.232177	2.49375	744.353	949.348	-8.56664	15.9831	27.4892	-25.0801	23.393	-1049.14	
1	591	1	0	0.232608	2.49805	745.637	949.104	-8.59761	16.0107	26.2061	-25.8904	22.4969	-1048.9	
1	592	1	0	0.233039	2.50236	746.921	948.849	-8.62911	16.0383	24.9231	-25.3579	22.7702	-1048.65	
1	593	1	0	0.233471	2.50666	748.205	948.66	-8.65984	16.0654	23.64	-24.9585	21.7957	-1048.49	
1	594	1	0	0.233902	2.51097	749.488	948.441	-8.69029	16.0923	22.3569	-24.8659	22.0316	-1048.26	
1	595	1	0	0.234333	2.51527	750.772	948.167	-8.72087	16.1195	21.0738	-25.4527	21.8975	-1047.98	
1	596	1	0	0.234765	2.51957	752.056	947.932	-8.75211	16.1465	19.7908	-25.2245	22.3534	-1047.74	
1	597	1	0	0.235196	2.52388	753.34	947.522	-8.78345	16.1733	18.5077	-25.7135	21.4392	-1047.33	
1	598	1	0	0.235628	2.52818	754.623	947.258	-8.81513	16.2003	17.2246	-25.7158	22.1867	-1047.05	
1	599	1	0	0.23606	2.53248	755.907	947.092	-8.84603	16.2281	15.9415	-24.1413	22.8238	-1046.91	
1	600	1	0	0.236492	2.53679	757.191	946.912	-8.87518	16.2557	14.6583	-23.413	22.1049	-1046.76	
1	601	1	0	0.236924	2.54109	758.475	946.591	-8.90415	16.2833	13.3752	-23.7787	22.6291	-1046.42	
1	602	1	0	0.237356	2.5454	759.758	946.399	-8.93327	16.311	12.092	-23.861	22.6948	-1046.22	
1	603	1	0	0.237788	2.5497	761.042	946.193	-8.9623	16.3394	10.8088	-23.419	23.7487	-1046	
1	604	1	0	0.238221	2.554	762.326	945.988	-8.99141	16.3693	9.52571	-23.9336	24.4346	-1045.77	
1	605	1	0	0.238653	2.55831	763.61	945.82	-9.021	16.3991	8.24259	-24.2147	24.33	-1045.59	
1	606	1	0	0.239086	2.56261	764.894	945.621	-9.05042	16.429	6.95945	-23.9397	24.4415	-1045.4	
1	607	1	0	0.239518	2.56692	766.178	945.295	-9.07982	16.4596	5.67633	-23.1498	25.4485	-1045.06	
1	608	1	0	0.239951	2.57122	767.461	945.024	-9.1084	16.4905	4.39319	-23.0055	25.4182	-1044.79	
1	609	1	0	0.240384	2.57553	768.745	944.857	-9.1371	16.5219	3.11006	-23.4157	25.1653	-1044.62	
1	610	1	0	0.240817	2.57983	770.029	944.648	-9.16639	16.5532	1.82693	-23.8464	25.2723	-1044.4	
1	611	1	0	0.24125	2.58413	771.313	944.49	-9.19555	16.5853	0.543806	-24.5068	26.6775	-1044.19	
